# Generated by process-sam-gravity-data.ipynb on 30 March 2021 19:37:32 UTC
# shape (nlat, nlon):
# 5 3
# lat lon height topo gravity disturbance topo_effect bouguer upper_sediment middle_sediment lower_sediment total_sediment sedfree_bouguer-17.13000 32.15000 0.00000 864.40000 978464.85471 -15.76898 -94.13757 78.36859 -0.03833 -0.01953 0.00000 -0.05786 78.42645
-17.13000 34.15000 0.00000 296.20000 978480.14629 -0.47740 -31.02600 30.54861 -0.07662 -0.02083 0.00000 -0.09745 30.64605
-17.13000 36.15000 0.00000 216.20000 978465.58714 -15.03655 -22.41121 7.37467 -0.04423 -0.01996 0.00000 -0.06419 7.43886
-15.13000 32.15000 0.00000 774.60000 978361.31543 -23.06464 -83.97340 60.90876 -0.04434 -0.02750 0.00000 -0.07184 60.98061
-15.13000 34.15000 0.00000 905.40000 978374.27462 -10.10544 -98.06241 87.95697 1.26883 -0.03206 0.00000 1.23677 86.72020
-15.13000 36.15000 0.00000 727.00000 978393.71365 9.33359 -78.91509 88.24867 -0.03385 -0.02880 0.00000 -0.06264 88.31132
-13.13000 32.15000 0.00000 644.40000 978263.91583 -35.10461 -69.63922 34.53461 -0.04796 -0.04140 0.00000 -0.08936 34.62397
-13.13000 34.15000 0.00000 598.60000 978251.04095 -47.97949 -63.74054 15.76105 2.23833 6.15736 0.00000 8.39569 7.36536
-13.13000 36.15000 0.00000 704.40000 978291.68689 -7.33354 -76.22612 68.89258 -0.06441 -0.04523 0.00000 -0.10964 69.00222
-11.13000 32.15000 0.00000 1298.80000 978215.93987 -9.01597 -141.63723 132.62126 -0.04887 -0.05447 0.00000 -0.10334 132.72460
-11.13000 34.15000 0.00000 1329.20000 978249.77449 24.81865 -144.76398 169.58263 2.26654 7.46200 0.00000 9.72854 159.85409
-11.13000 36.15000 0.00000 698.80000 978202.61813 -22.33771 -75.58806 53.25035 -0.40209 -0.37031 0.00000 -0.77241 54.02276
-9.13000 32.15000 0.00000 1425.40000 978153.38578 -9.15698 -155.69067 146.53369 -0.04460 -0.04177 0.00000 -0.08636 146.62006
-9.13000 34.15000 0.00000 2203.60000 978280.45629 117.91353 -240.13744 358.05097 2.16023 -0.05511 0.00000 2.10512 355.94584
-9.13000 36.15000 0.00000 463.40000 978114.02644 -48.51632 -49.45773 0.94141 -0.26603 -6.21724 0.00000 -6.48327 7.42468
