-72.00  -30.10 -2993   20.0  3.33        Fromm03_1b 
-71.75  -30.15 -1264   23.0  3.33        Fromm03_1b 
-71.20  -30.20   894   26.0  3.33        Fromm03_1b 
-70.75  -30.25  2743   47.0  3.33        Fromm03_1b 
-70.50  -30.30  3918   58.0  3.33        Fromm03_1b 
-70.20  -30.35  4329   62.0  3.33        Fromm03_1b 
-69.20  -30.40  2765   60.0  3.33        Fromm03_1b 
-68.00  -30.45  1593   56.0  3.33        Fromm03_1b 
-67.00  -30.55   543   49.0  3.33        Fromm03_1b 
-66.50  -30.60   792   41.0  3.33        Fromm03_1b 
-66.00  -30.65   259   39.0  3.33        Fromm03_1b 
-65.50  -30.68   392   33.0  3.33        Fromm03_1b 
-64.50  -30.70  1052   37.0  3.33        Fromm03_1b 
-71.50  -30.50   411   33.0  3.33      Gilbert06_5a 
-69.50  -30.50  2286   63.0  3.33      Gilbert06_5a 
-68.70  -30.50  1006   61.0  3.33      Gilbert06_5a 
-68.30  -30.50   883   60.0  3.33      Gilbert06_5a 
-67.80  -30.50  1693   55.0  3.33      Gilbert06_5a 
-66.70  -30.50   923   40.0  3.33      Gilbert06_5a 
-66.20  -30.50   379   39.0  3.33      Gilbert06_5a 
-65.60  -30.50   272   35.0  3.33      Gilbert06_5a 
-65.10  -30.50   362   35.0  3.33      Gilbert06_5a 
-64.50  -30.50   929   34.0  3.33      Gilbert06_5a 
-71.00  -36.00  2133   52.0  3.33      Gilbert06_5b 
-70.50  -36.00  2591   50.0  3.33      Gilbert06_5b 
-70.00  -36.00  1904   40.0  3.33      Gilbert06_5b 
-69.40  -36.00  1503   37.0  3.33      Gilbert06_5b 
-68.80  -36.00  1882   35.0  3.33      Gilbert06_5b 
-67.80  -36.00   601   35.0  3.33      Gilbert06_5b 
-72.03  -13.61  3825   70.0  3.33  McGlashan08.txt_ 
-72.61  -14.21  4569   61.0  3.33  McGlashan08.txt_ 
-72.67  -15.01  4721   69.0  3.33  McGlashan08.txt_ 
-71.65  -15.10  4429   68.0  3.33  McGlashan08.txt_ 
-71.13  -15.59  4488   62.0  3.33  McGlashan08.txt_ 
-71.35  -15.85  4410   61.0  3.33  McGlashan08.txt_ 
-71.71  -16.53  2646   45.0  3.33  McGlashan08.txt_ 
-69.92  -17.85  4228   53.0  3.33  McGlashan08.txt_ 
-68.97  -18.48  3879   55.0  3.33  McGlashan08.txt_ 
-68.58  -18.04  4526   57.0  3.33  McGlashan08.txt_ 
-68.74  -18.66  3863   60.0  3.33  McGlashan08.txt_ 
-67.88  -18.98  3695   75.0  3.33  McGlashan08.txt_ 
-67.39  -18.61  3686   77.0  3.33  McGlashan08.txt_ 
-66.50  -19.11  4309   67.0  3.33  McGlashan08.txt_ 
-66.70  -19.62  4603   69.0  3.33  McGlashan08.txt_ 
-66.21  -19.40  4346   65.0  3.33  McGlashan08.txt_ 
-66.33  -20.06  3880   77.0  3.33  McGlashan08.txt_ 
-66.71  -20.72  3886   82.0  3.33  McGlashan08.txt_ 
-66.01  -20.79  3496   73.0  3.33  McGlashan08.txt_ 
-66.62  -21.26  4175   75.0  3.33  McGlashan08.txt_ 
-66.89  -21.85  4427   76.0  3.33  McGlashan08.txt_ 
-66.39  -21.90  4149   71.0  3.33  McGlashan08.txt_ 
-66.52  -22.75  4522   58.0  3.33  McGlashan08.txt_ 
-66.91  -23.36  3955   62.0  3.33  McGlashan08.txt_ 
-67.93  -24.08  4207   49.0  3.33  McGlashan08.txt_ 
-68.14  -22.75  3919   58.0  3.33  McGlashan08.txt_ 
-67.83  -22.09  4794   67.0  3.33  McGlashan08.txt_ 
-67.62  -20.97  3791   75.0  3.33  McGlashan08.txt_ 
-67.85  -20.20  3657   73.0  3.33  McGlashan08.txt_ 
-68.20  -20.15  3653   70.0  3.33  McGlashan08.txt_ 
-69.13  -20.64  3771   56.0  3.33  McGlashan08.txt_ 
-68.88  -20.95  4411   63.0  3.33  McGlashan08.txt_ 
-68.57  -21.18  4526   62.0  3.33  McGlashan08.txt_ 
-68.93  -21.47  3691   60.0  3.33  McGlashan08.txt_ 
-69.20  -21.70  3073   54.0  3.33  McGlashan08.txt_ 
-67.16  -22.53  4695   61.0  3.33  McGlashan08.txt_ 
-67.35  -22.61  4810   60.0  3.33  McGlashan08.txt_ 
-67.45  -22.42  4618   63.0  3.33  McGlashan08.txt_ 
-67.39  -22.30  4675   62.0  3.33  McGlashan08.txt_ 
-67.31  -22.37  4780   63.0  3.33  McGlashan08.txt_ 
-68.84  -27.80  4906   70.0  3.33  McGlashan08.txt_ 
-67.58  -29.84  1505   46.0  3.33  McGlashan08.txt_ 
-68.47  -30.93   887   52.0  3.33  McGlashan08.txt_ 
-68.40  -31.58   655   54.0  3.33  McGlashan08.txt_ 
-69.76  -30.79  2930   61.0  3.33  McGlashan08.txt_ 
-69.58  -30.98  2640   58.0  3.33  McGlashan08.txt_ 
-69.57  -31.68  2027   59.0  3.33  McGlashan08.txt_ 
-69.38  -31.79  2967   56.0  3.33  McGlashan08.txt_ 
-69.90  -31.93  2412   58.0  3.33  McGlashan08.txt_ 
-69.57  -32.01  2416   53.0  3.33  McGlashan08.txt_ 
-69.51  -32.72  3229   50.0  3.33  McGlashan08.txt_ 
-70.40  -33.78  2701   42.0  3.33  McGlashan08.txt_ 
-67.44  -33.60   399   40.0  3.33  MohoMaksymowicz.txt_ 
-69.51  -33.62  2305   50.0  3.33  MohoMaksymowicz.txt_ 
-70.14  -33.48  4125   50.0  3.33  MohoMaksymowicz.txt_ 
-70.21  -33.84  3614   50.0  3.33  MohoMaksymowicz.txt_ 
-70.41  -33.58  2638   40.0  3.33  MohoMaksymowicz.txt_ 
-71.19  -33.39   436   35.0  3.33  MohoMaksymowicz.txt_ 
-67.42  -32.86   427   40.0  3.33  MohoMaksymowicz.txt_ 
-68.17  -32.87   552   45.0  3.33  MohoMaksymowicz.txt_ 
-68.83  -33.09   784   45.0  3.33  MohoMaksymowicz.txt_ 
-69.65  -32.79  4340   50.0  3.33  MohoMaksymowicz.txt_ 
-70.27  -32.83  3250   50.0  3.33  MohoMaksymowicz.txt_ 
-70.71  -32.85  1457   50.0  3.33  MohoMaksymowicz.txt_ 
-71.10  -32.83   909   35.0  3.33  MohoMaksymowicz.txt_ 
-67.19  -32.27   685   50.0  3.33  MohoMaksymowicz.txt_ 
-68.05  -32.39   507   50.0  3.33  MohoMaksymowicz.txt_ 
-68.77  -32.10   634   55.0  3.33  MohoMaksymowicz.txt_ 
-69.34  -32.22  2524   60.0  3.33  MohoMaksymowicz.txt_ 
-70.58  -32.50  2913   45.0  3.33  MohoMaksymowicz.txt_ 
-70.58  -32.03  3348   40.0  3.33  MohoMaksymowicz.txt_ 
-67.33  -31.46   593   45.0  3.33  MohoMaksymowicz.txt_ 
-67.87  -31.58   575   50.0  3.33  MohoMaksymowicz.txt_ 
-68.68  -31.55   681   60.0  3.33  MohoMaksymowicz.txt_ 
-70.75  -31.71  3204   45.0  3.33  MohoMaksymowicz.txt_ 
-71.17  -31.75  1214   30.0  3.33  MohoMaksymowicz.txt_ 
-68.00  -21.70  4777   60.0  3.33       Sick06_7.3a 
-68.00  -22.70  4656   60.0  3.33       Sick06_7.3a 
-69.00  -21.00  4038   70.0  3.33       Sick06_7.3b 
-69.00  -21.70  3604   68.0  3.33       Sick06_7.3b 
-69.00  -22.90  2847   65.0  3.33       Sick06_7.3b 
-69.00  -23.50  2667   69.0  3.33       Sick06_7.3b 
-68.45  -21.00  3828   72.0  3.33       Wolbern09_6 
-68.00  -21.00  3810   67.0  3.33       Wolbern09_6 
-67.50  -21.00  3841   67.0  3.33       Wolbern09_6 
-67.00  -21.00  3917   75.0  3.33       Wolbern09_6 
-66.00  -21.00  3749   75.0  3.33       Wolbern09_6 
-65.00  -21.00  2591   59.0  3.33       Wolbern09_6 
-64.35  -21.00  1132   49.0  3.33       Wolbern09_6 
-68.40  -25.50  4439   62.0  3.33       Wolbern09_9 
-68.00  -25.50  4343   60.0  3.33       Wolbern09_9 
-67.60  -25.50  4074   59.0  3.33       Wolbern09_9 
-67.10  -25.50  4131   57.0  3.33       Wolbern09_9 
-66.78  -25.50  4318   70.0  3.33       Wolbern09_9 
-66.20  -25.50  2481   65.0  3.33       Wolbern09_9 
-70.00  -22.50  1524   35.0  3.33         Yuan00_3b 
-69.50  -22.50  1554   49.0  3.33         Yuan00_3b 
-69.00  -22.50  2591   60.0  3.33         Yuan00_3b 
-68.00  -22.50  4877   85.0  3.33         Yuan00_3b 
-67.00  -22.50  4648   79.0  3.33         Yuan00_3b 
-66.50  -22.50  4419   78.0  3.33         Yuan00_3b 
-66.00  -22.50  3612   70.0  3.33         Yuan00_3b 
-65.00  -22.50  1829   62.0  3.33         Yuan00_3b 
-69.00  -23.50  2667   65.0  3.33         Yuan00_3c 
-68.60  -23.50  2590   72.0  3.33         Yuan00_3c 
-68.00  -23.50  4039   70.0  3.33         Yuan00_3c 
-67.50  -23.50  4495   68.0  3.33         Yuan00_3c 
-67.00  -23.50  4190   67.0  3.33         Yuan00_3c 
-66.00  -23.50  3581   61.0  3.33         Yuan00_3c 
-65.00  -23.50  2133   50.0  3.33         Yuan00_3c 
-70.00  -24.50  1752   42.0  3.33         Yuan00_3d 
-69.50  -24.50  2515   52.0  3.33         Yuan00_3d 
-69.00  -24.50  3276   60.0  3.33         Yuan00_3d 
-68.50  -24.50  4495   68.0  3.33         Yuan00_3d 
-68.00  -24.50  3566   56.0  3.33         Yuan00_3d 
-67.50  -24.50  4039   50.0  3.33         Yuan00_3d 
-66.60  -24.50  4540   61.0  3.33         Yuan00_3d 
-66.00  -24.50  3581   53.0  3.33         Yuan00_3d 
-65.50  -24.50  1447   50.0  3.33         Yuan00_3d 
-67.50  -17.50  3963   67.0  3.33        Yuan02_6.a 
-66.50  -18.70  4038   73.0  3.33        Yuan02_6.a 
-68.50  -19.50  3687   70.0  3.33        Yuan02_6.a 
-67.50  -19.50  3932   57.0  3.33        Yuan02_6.a 
-65.50  -19.50  3200   62.0  3.33        Yuan02_6.a 
-64.50  -19.50  2057   52.0  3.33        Yuan02_6.a 
-63.50  -20.00   808   43.0  3.33        Yuan02_6.a 
-62.50  -19.50   350   30.0  3.33        Yuan02_6.a 
-68.50  -20.50  4236   67.0  3.33        Yuan02_6.a 
-66.50  -20.50  3977   80.0  3.33        Yuan02_6.a 
-68.50  -21.50  4191   65.0  3.33        Yuan02_6.a 
-69.50  -22.50  1554   35.0  3.33        Yuan02_6.a 
-66.50  -22.50  4419   66.0  3.33        Yuan02_6.a 
-65.50  -22.50  4191   58.0  3.33        Yuan02_6.a 
-68.50  -23.50  2438   67.0  3.33        Yuan02_6.a 
-67.50  -23.50  4495   59.0  3.33        Yuan02_6.a 
-66.50  -23.50  4038   58.0  3.33        Yuan02_6.a 
-65.50  -23.50  3734   51.0  3.33        Yuan02_6.a 
-69.50  -24.50  2515   36.0  3.33        Yuan02_6.a 
-68.50  -24.50  4495   56.0  3.33        Yuan02_6.a 
-67.50  -24.50  4039   42.0  3.33        Yuan02_6.a 
-66.50  -24.50  4419   58.0  3.33        Yuan02_6.a 
-65.50  -24.50  1447   45.0  3.33        Yuan02_6.a 
-68.40  -21.00  3743   70.0  3.33        Yuan02_6.a 
-64.50  -21.00  1448   50.0  3.33        Yuan02_6.a 
-63.50  -21.00   655   40.0  3.33        Yuan02_6.a 
-68.40  -23.00  2377   65.0  3.33        Yuan02_6.a 
-67.50  -24.00  4267   60.0  3.33        Yuan02_6.a 
-72.40  -39.00   201   32.0  3.33          Yuan06_8 
-71.80  -39.00  1131   38.0  3.33          Yuan06_8 
-70.80  -39.00  1687   38.0  3.33          Yuan06_8 
-70.50  -39.00  1066   30.0  3.33          Yuan06_8 
-70.00  -39.00  1067   30.0  3.33          Yuan06_8 
-69.60  -39.00   771   33.0  3.33          Yuan06_8 
-68.70  -39.00   366   33.0  3.33          Yuan06_8 
